#--------------------------------------------------------------------------------#
Исходные данные по варианту N4 студента группы 23СЖ02 Губайдуллина Арслана
#--------------------------------------------------------------------------------#
Температура T = 2700
Давление = 250
Коэффициент избытка окислителя alpha = 0.8
I_ H2 = 18579.6 ккал/кмоль
I_ O2 = 20605.7 ккал/кмоль
I_ H2O = -31302.2 ккал/кмоль
I_ OH = 28228.5 ккал/кмоль
I_ H = 64033.6 ккал/кмоль
I_ O = 71581 ккал/кмоль
S_ H2 = 47.5422 ккал/кмоль/К
S_ O2 = 66.9743 ккал/кмоль/К
S_ H2O = 67.1675 ккал/кмоль/К
S_ OH = 60.4515 ккал/кмоль/К
S_ H = 38.3377 ккал/кмоль/К
S_ O = 49.5693 ккал/кмоль/К
Cp_ H2 = 8.71414 ккал/кмоль/К
Cp_ O2 = 9.37875 ккал/кмоль/К
Cp_ H2O = 13.3858 ккал/кмоль/К
Cp_ OH = 8.74102 ккал/кмоль/К
Cp_ H = 4.96821 ккал/кмоль/К
Cp_ O = 4.98706 ккал/кмоль/К
#--------------------------------------------------------------------------------#
Результаты расчета:
#--------------------------------------------------------------------------------#
приближение 1
                     1                      0                      0                      0                     -2                      0                      0 4.8854863244
                     0                      1                      0                      0                      0                     -2                      0 5.2796412447
                     0                      0                      1                      0                     -2                     -1                      0 10.5606203501
                     0                      0                      0                      1                     -1                     -1                      0 5.0814280554
                   500                      0                    500                    250                    250                      0                  -1500 -715.6818820795
                     0                    500                    250                    250                      0                    250                  -1250 -994.8500216801
                   250                    250                    250                    250                    250                    250                      0 -1167.2268755755
приближение 2
                     1                      0                      0                      0                     -2                      0                      0 -0.0000000000
                     0                      1                      0                      0                      0                     -2                      0 -0.0000000000
                     0                      0                      1                      0                     -2                     -1                      0 -0.0000000000
                     0                      0                      0                      1                     -1                     -1                      0 -0.0000000000
      116.629110630454                      0       90638.7511634134       86.2812255280883      0.435627538541558                      0      -90842.0971271105 -161421.2892203550
                     0       256.659353590689       45319.3755817067       86.2812255280883                      0      0.410499783338866      -45662.7266606088 -85670.5066151616
      58.3145553152268       128.329676795345       45319.3755817067       86.2812255280883      0.435627538541558      0.410499783338866                      0 -103084.2620796440
приближение 3
                     1                      0                      0                      0                     -2                      0                      0 0.0000000000
                     0                      1                      0                      0                      0                     -2                      0 0.0000000000
                     0                      0                      1                      0                     -2                     -1                      0 0.0000000000
                     0                      0                      0                      1                     -1                     -1                      0 0.0000000000
      326353952.056515                      0       541.902059091274   0.000308377183134409       728.712605935101                      0      -326355222.671489 -1883298258.4817900000
                     0   1.17167468737305E-15       270.951029545637   0.000308377183134409                      0   8.77077374668546E-10      -270.951337923697 -23.8007117080
      163176976.028258   5.85837343686523E-16       270.951029545637   0.000308377183134409       728.712605935101   8.77077374668546E-10                      0 -948834488.8881030000
приближение 4
                     1                      0                      0                      0                     -2                      0                      0 0.0000000000
                     0                      1                      0                      0                      0                     -2                      0 0.0000000000
                     0                      0                      1                      0                     -2                     -1                      0 0.0000000000
                     0                      0                      0                      1                     -1                     -1                      0 -0.0000000000
      499.971125940595                      0       399.989624901228      0.183900173332851      0.901953828300883                      0      -901.046604843457 -230.4739460892
                     0   0.000271988663465017       199.994812450614      0.183900173332851                      0   0.000422580824018658      -200.179407193434 -0.0794441295
      249.985562970298   0.000135994331732509       199.994812450614      0.183900173332851      0.901953828300883   0.000422580824018658                      0 -115.6087978073
приближение 5
                     1                      0                      0                      0                     -2                      0                      0 0.0000000000
                     0                      1                      0                      0                      0                     -2                      0 0.0000000000
                     0                      0                      1                      0                     -2                     -1                      0 0.0000000000
                     0                      0                      0                      1                     -1                     -1                      0 0.0000000000
      173.040127822605                      0       398.837342299843      0.311693879157371      0.530622006964417                      0      -572.719786008571 -34.1465886060
                     0    0.00225756971489091       199.418671149922      0.311693879157371                      0    0.00121746075164509      -199.733840059546 -0.0142371115
      86.5200639113027    0.00112878485744546       199.418671149922      0.311693879157371      0.530622006964417    0.00121746075164509                      0 -17.0963043954
приближение 6
                     1                      0                      0                      0                     -2                      0                      0 0.0000000000
                     0                      1                      0                      0                      0                     -2                      0 0.0000000000
                     0                      0                      1                      0                     -2                     -1                      0 -0.0000000000
                     0                      0                      0                      1                     -1                     -1                      0 0.0000000000
      110.008008272379                      0       398.584498776910      0.390673656924230      0.423081460748618                      0      -509.406262166962 -4.4771143834
                     0    0.00557873077976045       199.292249388455      0.390673656924230                      0    0.00191382439431778      -199.690415600553 -0.0043607694
      55.0040041361895    0.00278936538988023       199.292249388455      0.390673656924230      0.423081460748618    0.00191382439431778                      0 -2.2438602602
приближение 7
                     1                      0                      0                      0                     -2                      0                      0 0.0000000000
                     0                      1                      0                      0                      0                     -2                      0 0.0000000000
                     0                      0                      1                      0                     -2                     -1                      0 0.0000000000
                     0                      0                      0                      1                     -1                     -1                      0 -0.0000000000
      100.217569670193                      0       398.506734879072      0.409232018843232      0.403816237150276                      0      -499.537352805259 -0.1564713058
                     0    0.00671934275861218       199.253367439536      0.409232018843232                      0    0.00210037955307022      -199.671419180691 -0.0002351701
      50.1087848350964    0.00335967137930609       199.253367439536      0.409232018843232      0.403816237150276    0.00210037955307022                      0 -0.0784882361
приближение 8
                     1                      0                      0                      0                     -2                      0                      0 0.0000000000
                     0                      1                      0                      0                      0                     -2                      0 -0.0000000000
                     0                      0                      1                      0                     -2                     -1                      0 -0.0000000000
                     0                      0                      0                      1                     -1                     -1                      0 0.0000000000
      99.8603140996343                      0       398.503102358470      0.409959652972828      0.403095832535356                      0      -499.176471943613 -0.0002209731
                     0    0.00676738299342314       199.251551179235      0.409959652972828                      0    0.00210787455818283      -199.670386089760 -0.0000003631
      49.9301570498172    0.00338369149671157       199.251551179235      0.409959652972828      0.403095832535356    0.00210787455818283                      0 -0.0001108670
приближение 9
                     1                      0                      0                      0                     -2                      0                      0 0.0000000000
                     0                      1                      0                      0                      0                     -2                      0 -0.0000000000
                     0                      0                      1                      0                     -2                     -1                      0 0.0000000000
                     0                      0                      0                      1                     -1                     -1                      0 0.0000000000
      99.8598088021574                      0       398.503096982485      0.409960684652935      0.403094812692956                      0      -499.175961281988 -0.0000000004
                     0    0.00676745129784810       199.251548491242      0.409960684652935                      0    0.00210788519573626      -199.670384512389 -0.0000000000
      49.9299044010787    0.00338372564892405       199.251548491242      0.409960684652935      0.403094812692956    0.00210788519573626                      0 -0.0000000002
p H2 = 49.9299044005720 кг/см2
p O2 = 0.00338372564899254 кг/см2
p H2O = 199.251548491237 кг/см2
p OH = 0.409960684655004 кг/см2
p H = 0.403094812690910 кг/см2
p O = 0.00210788519575759 кг/см2
Число итераций - 9    
        I =      -5964721.169920 Дж/кг/К
        S =         17874.233325 Дж/кг/К
       Mu =            14.791582 кг/кмоль
        R =           562.076454 Дж/кг/К
  alpha_p =             0.000377 1/К
   beta_t =             0.004003 м2/H
     cp_f =          3516.408455 Дж/кг/К
      k_f =             1.190255
      a_f =          1344.000984 м/с
    c_p_e =          3768.539523 Дж/кг/К
      k_R =             1.183169
        a =          1339.435364 м/с
#--------------------------------------------------------------------------------#
